x=[1;
2;
3;
4;
5;
6;
7;
8;
9;
10;
11;
12;
13;
14;
15;
16;
17;
18;
19;
20;
21;
22;
23;
24;
25;
26;
27;
28;
29;
30;
31;
32;
33;
34;
35;
36;
37;
38;
39;
40;
41;
42;
43;
44;
45;
46;
47;
48;
49;
50;
51;
52;
53;
54;
55;
56;
57;
58;
59;
60;
61;
62;
63;
64;
65;
66;
67;
68;
69;
70;
71;
72;
73;
74;
75;
76;
77;
78;
79;
80;
81;
82;
83;
84;
85;
86;
87;
88;
89;
90;
91;
92;
93;
94;
95;
96;
97;
98;
99;
100;
];
euler=[0.100000;
0.100000;
0.114294;
0.142632;
0.184476;
0.238949;
0.304781;
0.380260;
0.463234;
0.551177;
0.641339;
0.730960;
0.817509;
0.898892;
0.973585;
1.040664;
1.099755;
1.150926;
1.194556;
1.231213;
1.261546;
1.286215;
1.305834;
1.320944;
1.331994;
1.339334;
1.343219;
1.343804;
1.341150;
1.335232;
1.325934;
1.313061;
1.296339;
1.275427;
1.249925;
1.219397;
1.183396;
1.141507;
1.093402;
1.038905;
0.978077;
0.911300;
0.839353;
0.763462;
0.685310;
0.606972;
0.530804;
0.459270;
0.394758;
0.339412;
0.295016;
0.262935;
0.244110;
0.239083;
0.248029;
0.270777;
0.306800;
0.355196;
0.414655;
0.483444;
0.559425;
0.640147;
0.722990;
0.805369;
0.884943;
0.959796;
1.028538;
1.090332;
1.144838;
1.192117;
1.232515;
1.266549;
1.294815;
1.317922;
1.336443;
1.350884;
1.361672;
1.369148;
1.373563;
1.375086;
1.373798;
1.369703;
1.362729;
1.352730;
1.339489;
1.322726;
1.302105;
1.277246;
1.247746;
1.213208;
1.173280;
1.127710;
1.076409;
1.019526;
0.957521;
0.891230;
0.821900;
0.751179;
0.681063;
0.613773;
0.551605;
];
heun=[0.100000;
0.107147;
0.114288;
0.121424;
0.128554;
0.135678;
0.142794;
0.149904;
0.157006;
0.164100;
0.171187;
0.178264;
0.185333;
0.192393;
0.199443;
0.206484;
0.213514;
0.220533;
0.227542;
0.234540;
0.241526;
0.248500;
0.255462;
0.262412;
0.269349;
0.276272;
0.283183;
0.290079;
0.296962;
0.303830;
0.310684;
0.317523;
0.324347;
0.331155;
0.337947;
0.344724;
0.351484;
0.358228;
0.364954;
0.371664;
0.378356;
0.385031;
0.391688;
0.398327;
0.404947;
0.411549;
0.418132;
0.424696;
0.431241;
0.437766;
0.444271;
0.450757;
0.457222;
0.463667;
0.470091;
0.476495;
0.482877;
0.489239;
0.495579;
0.501898;
0.508195;
0.514470;
0.520722;
0.526953;
0.533162;
0.539347;
0.545510;
0.551651;
0.557768;
0.563862;
0.569933;
0.575980;
0.582004;
0.588004;
0.593981;
0.599933;
0.605862;
0.611766;
0.617646;
0.623502;
0.629333;
0.635140;
0.640922;
0.646679;
0.652411;
0.658119;
0.663801;
0.669459;
0.675091;
0.680699;
0.686281;
0.691837;
0.697368;
0.702874;
0.708355;
0.713809;
0.719239;
0.724642;
0.730020;
0.735372;
0.740699;
];
midp=[0.100000;
0.107160;
0.114314;
0.121463;
0.128606;
0.135742;
0.142871;
0.149994;
0.157109;
0.164216;
0.171314;
0.178405;
0.185486;
0.192559;
0.199621;
0.206674;
0.213717;
0.220749;
0.227770;
0.234779;
0.241778;
0.248764;
0.255738;
0.262700;
0.269649;
0.276584;
0.283507;
0.290415;
0.297309;
0.304189;
0.311055;
0.317905;
0.324740;
0.331560;
0.338364;
0.345151;
0.351923;
0.358677;
0.365415;
0.372136;
0.378839;
0.385524;
0.392192;
0.398841;
0.405472;
0.412084;
0.418678;
0.425252;
0.431806;
0.438342;
0.444857;
0.451352;
0.457827;
0.464282;
0.470716;
0.477129;
0.483521;
0.489892;
0.496241;
0.502569;
0.508875;
0.515159;
0.521421;
0.527660;
0.533877;
0.540072;
0.546243;
0.552392;
0.558517;
0.564619;
0.570698;
0.576754;
0.582785;
0.588793;
0.594777;
0.600737;
0.606673;
0.612585;
0.618472;
0.624335;
0.630173;
0.635986;
0.641775;
0.647539;
0.653278;
0.658992;
0.664681;
0.670345;
0.675984;
0.681597;
0.687185;
0.692748;
0.698285;
0.703796;
0.709282;
0.714742;
0.720177;
0.725586;
0.730969;
0.736326;
0.741658;
];